NODE
0,246,20
1,308,16
2,392,43
3,470,68
4,254,55
5,305,44
6,365,89
7,278,118
8,305,96
9,291,153
10,312,151
11,331,153
12,99,155
13,31,158
14,31,188
15,86,229
16,106,251
17,193,157
18,140,217
19,198,272
20,154,314
21,43,309
22,92,351
23,245,228
24,177,393
25,206,362
26,301,279
27,248,392
28,355,342
29,305,392
30,268,420
31,351,429
32,407,445
33,502,433
34,609,446
35,664,413
36,643,390
37,408,383
38,417,272
39,357,218
40,467,345
41,421,156
42,491,101
43,544,35
44,612,97
45,546,153
46,489,220
47,620,202
48,570,251
49,541,274
50,677,263
51,638,301
52,541,247
53,587,330
54,528,337
55,482,379
56,546,389
57,601,386
58,621,363
59,661,323
60,682,349
61,704,376
62,726,402
63,749,423
64,700,287
65,724,311
66,747,335
67,787,296
68,763,269
69,745,245
70,727,217
71,670,155
72,616,95
73,668,48
74,739,171
75,743,101
76,795,179
77,795,238
78,839,177
79,837,240
80,878,244
81,883,179
82,941,179
83,934,246
84,878,298
85,831,343
EDGE
0,1
0,4
1,2
1,5
2,6
2,3
4,17
4,7
4,5
5,8
5,6
6,11
7,8
7,9
8,10
9,10
10,11
17,9
17,12
17,18
12,13
12,15
12,18
13,14
14,15
15,16
16,18
16,20
18,19
19,20
19,23
21,22
22,20
22,24
20,25
19,27
23,26
24,25
25,27
27,26
26,39
24,30
25,29
27,28
26,28
30,29
29,28
30,31
29,31
31,32
31,37
32,37
28,37
38,39
28,38
38,41
38,46
41,45
41,46
42,41
42,3
42,43
43,44
43,45
44,45
45,46
45,47
45,48
48,49
48,47
46,48
47,50
50,51
48,51
48,53
49,53
49,52
52,54
52,40
38,40
37,38
37,40
40,55
32,55
55,54
54,53
32,33
33,55
33,56
54,56
56,53
53,57
53,58
57,58
33,34
34,35
34,57
35,36
36,58
45,72
47,71
72,71
72,73
73,75
71,75
51,70
70,71
70,74
74,75
50,64
51,59
58,59
59,64
59,60
36,60
60,61
60,65
35,61
35,62
61,62
61,66
65,66
64,65
62,63
63,85
66,67
67,85
65,68
68,67
64,69
69,70
68,69
69,77
67,77
74,76
76,77
76,78
78,79
77,79
79,85
85,84
84,83
83,82
82,81
81,80
80,83
80,84
79,80
78,81